335563830661.000000
298203573892.000000
278810189948.000000
270658938672.000000
263208428601.000000
258544932210.000000
255024221706.000000
255024221706.000000
252062040012.000000
251202442726.000000
242258960932.000000
240576168307.000000
240252138495.000000
238023566393.000000
237771680606.000000
237771680606.000000
237771680606.000000
237771680606.000000
237771680606.000000
237771680606.000000
233588222368.000000
233588222368.000000
233314031875.000000
233314031875.000000
233314031875.000000
233314031875.000000
233129273964.000000
232764900439.000000
232651151618.000000
232541036928.000000
232541036928.000000
231093488797.000000
230399394359.000000
230122291166.000000
230122291166.000000
230122291166.000000
230122291166.000000
230122291166.000000
230122291166.000000
229215385935.000000
226289557906.000000
225754938059.000000
225754938059.000000
225644515861.000000
225174447753.000000
225116701645.000000
224910791232.000000
224910791232.000000
224910791232.000000
224910791232.000000
224910791232.000000
224832600818.000000
224755405829.000000
224694510726.000000
224622077362.000000
224622077362.000000
224622077362.000000
224622077362.000000
224622077362.000000
224187576388.000000
223535883633.000000
223529899137.000000
223529899137.000000
222742116179.000000
222200490423.000000
222200490423.000000
222200490423.000000
222143917514.000000
220961983138.000000
220961983138.000000
220961983138.000000
220961983138.000000
220929393234.000000
220929393234.000000
220841077755.000000
220841077755.000000
219889996164.000000
219889996164.000000
219776356962.000000
219126069980.000000
219117241100.000000
219117241100.000000
219117241100.000000
219117241100.000000
219117241100.000000
219117241100.000000
219117241100.000000
219117241100.000000
219117241100.000000
219117241100.000000
219117241100.000000
218423350588.000000
218423350588.000000
218423350588.000000
218268123324.000000
218261958772.000000
218261958772.000000
218261958772.000000
218244745575.000000
218244745575.000000
218244745575.000000
218244745575.000000
218244745575.000000
218244745575.000000
218244745575.000000
218244745575.000000
218244745575.000000
218244745575.000000
218244745575.000000
218244745575.000000
218244745575.000000
218244745575.000000
218202911084.000000
216759855359.000000
216428681572.000000
215819897570.000000
215819897570.000000
215819897570.000000
215594802032.000000
215470957079.000000
215470957079.000000
215470957079.000000
215470957079.000000
215470957079.000000
215470957079.000000
215470957079.000000
215470957079.000000
215470957079.000000
215470957079.000000
215470957079.000000
215470957079.000000
215470957079.000000
215470957079.000000
215470957079.000000
215470957079.000000
215470957079.000000
215470957079.000000
215470957079.000000
215470957079.000000
215451880216.000000
215451880216.000000
215422280616.000000
215422280616.000000
215422280616.000000
215310740196.000000
215075485770.000000
215075485770.000000
214992424657.000000
214992424657.000000
214992424657.000000
214648188602.000000
214648188602.000000
214445378165.000000
214219173073.000000
214219173073.000000
214219173073.000000
214219173073.000000
214219173073.000000
214219173073.000000
214219173073.000000
213969995207.000000
213969995207.000000
213969995207.000000
213969995207.000000
213969995207.000000
213969995207.000000
213969995207.000000
213969995207.000000
213969995207.000000
213969995207.000000
213969995207.000000
213969995207.000000
213969995207.000000
213969995207.000000
213969995207.000000
213969995207.000000
213969995207.000000
213969995207.000000
213969995207.000000
213969995207.000000
213969995207.000000
213969995207.000000
213969995207.000000
213966922375.000000
213966922375.000000
213966922375.000000
213966922375.000000
213966922375.000000
213966922375.000000
213966922375.000000
213966922375.000000
213966922375.000000
213966922375.000000
213966922375.000000
213966922375.000000
213966922375.000000
213966922375.000000
213830816222.000000
213830816222.000000
213830816222.000000
213830816222.000000
213830816222.000000
213830816222.000000
213830816222.000000
213830816222.000000
